4294967294,131
4294967294,130
4294967294,129
4294967294,128
4294967294,127
4294967294,126
4294967294,125
4294967294,124
4294967294,123
4294967294,122
4294967294,121
4294967294,120
4294967294,119
4294967294,118
4294967294,117
4294967294,116
4294967294,115
4294967294,114
4294967294,113
4294967294,112
4294967294,111
4294967294,110
4294967294,109
4294967294,108
4294967294,107
4294967294,106
4294967294,105
4294967294,104
4294967294,103
4294967294,102
4294967294,101
4294967294,100
4294967294,99
4294967294,98
4294967294,97
4294967294,96
4294967294,95
4294967294,94
4294967294,93
4294967294,92
4294967294,91
4294967294,90
4294967294,89
4294967294,88
4294967294,87
4294967294,86
4294967294,85
4294967294,84
4294967294,83
4294967294,82
4294967294,81
4294967294,80
4294967294,79
4294967294,78
4294967294,77
4294967294,76
4294967294,75
4294967294,74
4294967294,73
4294967294,72
4294967294,71
4294967294,70
4294967294,69
4294967294,68
4294967294,67
4294967294,66
4294967294,65
4294967294,64
4294967294,63
4294967294,62
4294967294,61
4294967294,60
4294967294,59
4294967294,58
4294967294,57
4294967294,56
4294967294,55
4294967294,54
4294967294,53
4294967294,52
4294967294,51
4294967294,50
4294967294,49
4294967294,48
4294967294,47
4294967294,46
4294967294,45
4294967294,44
4294967294,43
4294967294,42
4294967294,41
4294967294,40
4294967294,39
4294967294,38
4294967294,37
4294967294,36
4294967294,35
4294967294,34
4294967294,33
4294967294,32
4294967294,31
4294967294,30
4294967294,29
4294967294,28
4294967294,27
4294967294,26
4294967294,25
4294967294,24
4294967294,23
4294967294,22
4294967294,21
4294967294,20
4294967294,19
4294967294,18
4294967294,17
4294967294,16
4294967294,15
4294967294,14
4294967294,13
4294967294,12
4294967294,11
4294967294,10
4294967294,9
4294967294,8
4294967294,7
4294967294,6
4294967294,5
4294967294,4
4294967294,3
4294967294,2
4294967294,0
0,442
98,0
30,0
100,0
99,0
159,0
158,0
161,0
21,0
156,0
93,0
155,0
153,0
22,0
150,0
97,0
96,0
118,0
148,0
147,0
95,0
60,0
92,0
145,0
143,0
140,0
139,0
137,0
132,0
91,0
90,0
89,0
16,0
135,0
133,0
130,0
88,0
86,0
13,0
85,0
11,0
84,0
82,0
128,0
71,0
94,0
127,0
125,0
124,0
46,0
122,0
120,0
116,0
4,0
8,0
70,0
80,0
34,0
111,0
6,0
28,0
109,0
108,0
106,0
104,0
36,0
167,0
74,0
165,0
163,0
78,0
27,0
101,0
1,0
2,0
3,0
0,308
0,304
0,303
0,12
0,415
0,10
0,8
0,0
0,532
0,438
0,300
0,534
0,437
0,299
0,515
0,436
0,298
0,465
0,435
0,297
0,464
0,434
0,296
0,554
0,433
0,295
0,432
0,294
0,461
0,431
0,293
0,430
0,292
0,460
0,429
0,291
0,459
0,428
0,290
0,458
0,427
0,289
0,574
0,426
0,288
0,456
0,425
0,287
0,455
0,424
0,286
0,423
0,285
0,454
0,422
0,284
0,421
0,283
0,452
0,420
0,282
0,565
0,419
0,281
0,450
0,418
0,280
0,449
0,417
0,279
0,414
0,278
0,448
0,413
0,277
0,447
0,412
0,276
0,446
0,411
0,275
0,410
0,274
0,444
0,409
0,273
0,513
0,407
0,272
0,512
0,406
0,271
0,531
0,405
0,270
0,548
0,404
0,269
0,547
0,403
0,268
0,564
0,402
0,267
0,563
0,401
0,266
0,573
0,400
0,265
0,529
0,399
0,264
0,528
0,398
0,263
0,530
0,397
0,262
0,527
0,396
0,261
0,526
0,395
0,260
0,525
0,394
0,259
0,524
0,393
0,258
0,257
0,522
0,391
0,256
0,546
0,390
0,255
0,545
0,389
0,254
0,562
0,388
0,253
0,561
0,387
0,252
0,572
0,386
0,251
0,520
0,385
0,250
0,519
0,384
0,249
0,521
0,383
0,248
0,518
143,3
143,1
2,7
2,6
21,1
2,15
22,3
22,1
128,3
2,5
16,3
132,3
132,1
89,3
89,4
90,3
90,5
2,16
92,1
92,4
145,1
109,3
109,1
109,5
91,3
91,4
158,1
99,3
158,4
158,6
99,5
140,4
140,1
130,1
140,5
130,3
140,9
133,3
133,4
143,5
140,7
128,5
130,4
143,11
143,4
92,5
143,10
133,1
140,8
140,10
130,5
140,3
99,4
99,1
158,3
91,1
109,4
145,4
145,3
92,3
90,1
89,1
132,4
16,1
128,1
2,12
2,9
21,3
2,8
143,9
2,14
36,1
36,3
108,4
108,1
108,3
106,4
106,1
106,3
104,4
6,1
6,3
8,1
8,3
2,13
104,1
104,3
2,11
0,566
0,549
2,4
3,3
3,2
3,1
2,3
2,2
2,1
1,3
1,2
1,1
0,310
0,307
0,305
0,302
0,243
0,9
0,382
0,247
0,517
0,381
0,246
0,516
0,380
0,245
0,379
0,244
0,514
0,378
0,242
0,377
0,241
0,544
0,376
0,240
0,543
0,375
0,239
0,560
0,374
0,238
0,559
0,373
0,237
0,571
0,372
0,236
0,371
0,235
0,510
0,370
0,234
0,369
0,233
0,509
0,368
0,232
0,508
0,367
0,231
0,366
0,230
0,506
0,365
0,229
0,364
0,228
0,504
0,363
0,227
0,542
0,362
0,226
0,541
0,361
0,225
0,558
0,360
0,224
0,557
0,359
0,223
0,570
0,358
0,222
0,502
0,357
0,221
0,501
0,356
0,220
0,503
0,355
0,219
0,467
0,354
0,218
0,353
0,217
0,466
0,352
0,216
0,351
0,215
0,463
0,350
0,214
0,349
0,213
0,540
0,348
0,212
0,462
0,347
0,211
0,556
0,346
0,210
0,555
0,345
0,209
0,569
0,344
0,208
0,492
0,343
0,207
0,491
0,342
0,206
0,341
0,205
0,490
0,340
0,204
0,339
0,203
0,523
0,338
0,202
0,337
0,201
0,457
0,336
0,200
0,335
0,199
0,538
0,334
0,198
0,333
0,197
0,553
0,332
0,196
0,552
0,331
0,195
0,568
0,330
0,194
0,329
0,193
0,482
0,328
0,192
0,327
0,63
0,453
0,326
0,62
0,325
0,61
0,324
0,60
0,323
0,59
0,451
0,321
0,58
0,320
0,57
0,536
0,319
0,56
0,318
0,55
0,551
0,317
0,54
0,550
0,316
0,53
0,567
0,439
0,52
0,315
0,51
0,473
0,314
0,50
0,313
0,49
0,539
0,312
0,48
0,311
0,47
0,470
0,309
0,46
0,533
0,306
0,45
0,468
0,301
0,6
0,5
0,1
0,441
0,11
0,4
0,2
0,3
0,7
